00001   336.640015     0.998921
00002   168.320007     0.998921
00003   112.213338     0.988032
00004    84.160004     0.988032
00005    67.328003     0.998541
00006    56.106669     0.998541
00007    48.091431     0.993170
00008    42.080002     0.993170
00009    37.404446     0.995871
00010    33.664001     0.924085
00011    30.603638     0.924085
00012    28.053335     0.913002
00013    25.895386     0.913002
00014    24.045715     0.788657
00015    22.442668     0.788657
00016    21.040001     0.291768
00017    19.802354     0.168951
00018    18.702223     0.168951
00019    17.717896    -0.073124
00020    16.832001    -0.073124
00021    16.030477     0.140581
00022    15.301819     0.140581
00023    14.636522     0.057073
00024    14.026667     0.209841
00025    13.465601     0.209841
00026    12.947693     0.011739
00027    12.468149     0.011739
00028    12.022858     0.009913
00029    11.608276     0.009913
00030    11.221334     0.208389
00031    10.859355     0.208389
00032    10.520000    -0.017626
00033    10.201213    -0.025870
00034     9.901177    -0.025870
00035     9.618286    -0.011219
00036     9.351112    -0.011219
00037     9.098379    -0.003852
00038     8.858948    -0.003852
00039     8.631795    -0.092844
00040     8.416000    -0.092844
00041     8.210732    -0.057037
00042     8.015238    -0.081584
00043     7.828838    -0.081584
00044     7.650909    -0.042685
00045     7.480889    -0.042685
00046     7.318261     0.039040
00047     7.162554     0.039040
00048     7.013334     0.039040
