00001   336.640015     0.998976
00002   168.320007     0.998976
00003   112.213338     0.987584
00004    84.160004     0.987584
00005    67.328003     0.998832
00006    56.106669     0.998832
00007    48.091431     0.994290
00008    42.080002     0.994290
00009    37.404446     0.996423
00010    33.664001     0.932675
00011    30.603638     0.932675
00012    28.053335     0.883907
00013    25.895386     0.883907
00014    24.045715     0.872989
00015    22.442668     0.872989
00016    21.040001     0.298237
00017    19.802354     0.115881
00018    18.702223     0.115881
00019    17.717896     0.307502
00020    16.832001     0.307502
00021    16.030477     0.289144
00022    15.301819     0.289144
00023    14.636522     0.059836
00024    14.026667     0.215235
00025    13.465601     0.215235
00026    12.947693    -0.063007
00027    12.468149    -0.063007
00028    12.022858    -0.125870
00029    11.608276    -0.125870
00030    11.221334     0.268835
00031    10.859355     0.268835
00032    10.520000    -0.066840
00033    10.201213     0.002628
00034     9.901177     0.002628
00035     9.618286    -0.062892
00036     9.351112    -0.062892
00037     9.098379    -0.039732
00038     8.858948    -0.039732
00039     8.631795    -0.108539
00040     8.416000    -0.108539
00041     8.210732    -0.122420
00042     8.015238    -0.084472
00043     7.828838    -0.084472
00044     7.650909     0.041405
00045     7.480889     0.041405
00046     7.318261    -0.011176
00047     7.162554    -0.011176
00048     7.013334     0.024161
00049     6.870204    -0.070737
00050     6.732800    -0.070737
00051     6.600785    -0.015597
00052     6.473846    -0.015597
00053     6.351698     0.029890
00054     6.234074     0.029890
00055     6.120728    -0.037591
00056     6.011429    -0.062137
00057     5.905965    -0.062137
00058     5.804138    -0.067354
00059     5.705763    -0.067354
00060     5.610667    -0.054170
00061     5.518689    -0.054170
00062     5.429678     0.017236
00063     5.343492     0.017236
00064     5.260000     0.025224
00065     5.179077    -0.018018
00066     5.100606    -0.018018
00067     5.024478    -0.002381
00068     4.950588    -0.002381
00069     4.878841    -0.012212
00070     4.809143    -0.012212
00071     4.741409     0.039862
00072     4.675556     0.039862
00073     4.611507     0.080883
00074     4.549189    -0.013126
00075     4.488534    -0.013126
00076     4.429474    -0.015762
00077     4.371948    -0.015762
00078     4.315898    -0.001831
00079     4.261266    -0.001831
00080     4.208000    -0.005608
00081     4.156050     0.014084
00082     4.105366     0.014084
00083     4.055904     0.005123
00084     4.007619     0.005123
00085     3.960471     0.000767
00086     3.914419     0.000767
00087     3.869425     0.032311
00088     3.825455     0.040715
00089     3.782472     0.040715
00090     3.740445     0.015631
00091     3.699341     0.015631
00092     3.659131    -0.001113
00093     3.619785    -0.001113
00094     3.581277     0.019079
00095     3.543579     0.019079
00096     3.506667     0.048736
00097     3.470516    -0.021820
00098     3.435102    -0.021820
00099     3.400404    -0.016641
00100     3.366400    -0.016641
00101     3.333069    -0.017012
00102     3.300392    -0.017012
00103     3.268350    -0.032276
00104     3.236923    -0.032276
00105     3.206095     0.003229
00106     3.175849    -0.011730
00107     3.146168    -0.011730
00108     3.117037    -0.010632
00109     3.088441    -0.010632
00110     3.060364     0.007360
00111     3.032793     0.007360
00112     3.005714     0.008442
00113     2.979115    -0.008345
00114     2.952983    -0.008345
00115     2.927304     0.000576
00116     2.902069     0.000576
00117     2.877265    -0.004985
00118     2.852881    -0.004985
00119     2.828908    -0.008029
00120     2.805333     0.028413
00121     2.782149     0.028413
00122     2.759344     0.011815
00123     2.736911     0.011815
00124     2.714839     0.011815
00125     2.693120     0.011815
