00001   336.640015   129639.410438
00002   168.320007   147393.939320
00003   112.213338   126260.347953
00004    84.160004   118456.527576
00005    67.328003   184868.172720
00006    56.106669   183534.940920
00007    48.091431   136648.080813
00008    42.080002   216481.892484
00009    37.404446   167499.618077
00010    33.664001   123438.180504
00011    30.603638   114720.116066
00012    28.053335   106804.023685
00013    25.895386   98638.426516
00014    24.045715   86861.141465
00015    22.442668   77935.716585
00016    21.040001   62413.408025
00017    19.802354   50261.526150
00018    18.702223   40520.154288
00019    17.717896   35243.940970
00020    16.832001   34184.151234
00021    16.030477   38726.462468
00022    15.301819   44445.030712
00023    14.636522   48199.609639
00024    14.026667   49181.893309
00025    13.465601   45631.795188
00026    12.947693   38459.842671
00027    12.468149   35364.341592
00028    12.022858   33919.264407
00029    11.608276   37474.722042
00030    11.221334   43165.571632
00031    10.859355   45624.561728
00032    10.520000   41498.245420
00033    10.201213   36208.274121
00034     9.901177   34475.572991
00035     9.618286   37877.219040
00036     9.351112   40020.215226
00037     9.098379   40574.618183
00038     8.858948   37651.232725
00039     8.631795   35178.526792
00040     8.416000   35911.538732
00041     8.210732   40157.463473
00042     8.015238   40053.735112
00043     7.828838   36798.333589
00044     7.650909   35438.532283
00045     7.480889   36636.390255
00046     7.318261   38831.774902
00047     7.162554   37045.980327
00048     7.013334   35436.533254
00049     6.870204   36191.476851
00050     6.732800   37303.646407
00051     6.600785   35963.072042
00052     6.473846   35081.842171
00053     6.351698   35957.690540
00054     6.234074   36031.674092
00055     6.120728   35699.808043
00056     6.011429   35981.676174
00057     5.905965   36934.448327
00058     5.804138   36063.789183
00059     5.705763   35251.237749
00060     5.610667   36372.935369
00061     5.518689   36708.600706
00062     5.429678   35565.792910
00063     5.343492   35824.117984
00064     5.260000   36756.201581
00065     5.179077   36223.391016
00066     5.100606   36497.890787
00067     5.024478   36917.911560
00068     4.950588   35952.310119
00069     4.878841   36249.016362
00070     4.809143   37010.864156
00071     4.741409   36090.982598
00072     4.675556   36798.165211
00073     4.611507   36882.396672
00074     4.549189   35946.700542
00075     4.488534   36601.105451
00076     4.429474   36593.959526
00077     4.371948   35888.275834
00078     4.315898   37080.522723
00079     4.261266   36314.224939
00080     4.208000   36976.999287
00081     4.156050   36719.720872
00082     4.105366   36844.312745
00083     4.055904   37126.965536
00084     4.007619   36354.995400
00085     3.960471   36999.561645
00086     3.914419   36770.590477
00087     3.869425   36333.897128
00088     3.825455   36962.455752
00089     3.782472   36759.372295
00090     3.740445   36278.203135
00091     3.699341   36582.406177
00092     3.659131   35994.939332
00093     3.619785   35842.393322
00094     3.581277   35134.443904
00095     3.543579   34912.286735
00096     3.506667   34773.468194
00097     3.470516   33551.824560
00098     3.435102   33742.926713
00099     3.400404   32852.331470
00100     3.366400   32594.052311
00101     3.333069   32464.814034
00102     3.300392   31742.291931
00103     3.268350   31826.000612
00104     3.236923   31504.504992
00105     3.206095   31223.798914
00106     3.175849   31144.152356
00107     3.146168   30636.854917
00108     3.117037   30723.263248
00109     3.088441   30605.421448
00110     3.060364   30340.695381
00111     3.032793   29963.429049
00112     3.005714   30039.472936
00113     2.979115   29410.704014
00114     2.952983   29416.769245
00115     2.927304   29441.228175
00116     2.902069   28810.641382
00117     2.877265   29072.284462
00118     2.852881   28778.800218
00119     2.828908   28651.605931
00120     2.805333   28227.952782
00121     2.782149   28327.795183
00122     2.759344   27999.765209
00123     2.736911   27858.750565
00124     2.714839   27722.994131
00125     2.693120   27930.519873
00126     2.671746   27660.156537
