00001   336.640015   128555.517362
00002   168.320007   139195.869326
00003   112.213338   119837.611767
00004    84.160004   109983.194731
00005    67.328003   181946.345004
00006    56.106669   195739.140398
00007    48.091431   135847.108805
00008    42.080002   196790.809840
00009    37.404446   162592.840196
00010    33.664001   115041.411662
00011    30.603638   117647.565806
00012    28.053335   105867.026654
00013    25.895386   93972.848585
00014    24.045715   85679.090884
00015    22.442668   73567.503981
00016    21.040001   64490.394361
00017    19.802354   50784.048690
00018    18.702223   41317.554731
00019    17.717896   35854.667769
00020    16.832001   35404.341918
00021    16.030477   38961.085723
00022    15.301819   44995.966179
00023    14.636522   49134.608595
00024    14.026667   49540.503829
00025    13.465601   45948.643124
00026    12.947693   39667.328302
00027    12.468149   36241.099893
00028    12.022858   34759.104649
00029    11.608276   37927.800278
00030    11.221334   43743.934664
00031    10.859355   45632.084821
00032    10.520000   42630.348967
00033    10.201213   36842.132093
00034     9.901177   35381.434603
00035     9.618286   37653.302376
00036     9.351112   40279.499369
00037     9.098379   41058.352030
00038     8.858948   37798.187865
00039     8.631795   34986.119939
00040     8.416000   36568.301727
00041     8.210732   38896.131501
00042     8.015238   38934.917068
00043     7.828838   36664.961637
00044     7.650909   35202.117986
00045     7.480889   37073.280105
00046     7.318261   37943.120779
00047     7.162554   36786.958990
00048     7.013334   35438.623539
00049     6.870204   36048.901785
00050     6.732800   38183.901147
00051     6.600785   36259.954411
00052     6.473846   34801.730337
00053     6.351698   36286.514820
00054     6.234074   36730.993869
00055     6.120728   35466.036992
00056     6.011429   36119.929507
00057     5.905965   37009.968433
00058     5.804138   36262.101354
00059     5.705763   35627.633792
00060     5.610667   36450.835138
00061     5.518689   37027.335254
00062     5.429678   36163.785546
00063     5.343492   36301.934946
00064     5.260000   37209.564526
00065     5.179077   36692.741614
00066     5.100606   36765.366423
00067     5.024478   37253.532548
00068     4.950588   35882.447039
00069     4.878841   36946.005337
00070     4.809143   37180.181494
00071     4.741409   36490.730977
00072     4.675556   36917.222750
00073     4.611507   36594.589432
00074     4.549189   35989.420364
00075     4.488534   37039.987990
00076     4.429474   36573.510238
00077     4.371948   36182.157882
00078     4.315898   36794.524802
00079     4.261266   36135.904108
00080     4.208000   36852.016444
00081     4.156050   36501.618634
00082     4.105366   36010.394988
00083     4.055904   36711.559911
00084     4.007619   36309.176551
00085     3.960471   36797.231904
00086     3.914419   37019.223852
00087     3.869425   36449.051224
00088     3.825455   36906.028646
00089     3.782472   36297.486769
00090     3.740445   36496.752204
00091     3.699341   36058.818501
00092     3.659131   36020.154751
00093     3.619785   35641.144831
00094     3.581277   35011.794418
00095     3.543579   34324.035736
00096     3.506667   34349.768237
00097     3.470516   33605.366550
00098     3.435102   33559.007405
00099     3.400404   33276.494035
00100     3.366400   32731.269912
00101     3.333069   32450.316606
00102     3.300392   32074.410576
00103     3.268350   31575.646971
00104     3.236923   31751.658865
00105     3.206095   31131.397447
00106     3.175849   30885.672728
00107     3.146168   30632.008317
00108     3.117037   30773.907301
00109     3.088441   30473.058234
00110     3.060364   30243.885386
00111     3.032793   30099.174793
00112     3.005714   30192.297522
00113     2.979115   29633.075899
00114     2.952983   29298.995312
00115     2.927304   29212.229863
00116     2.902069   29054.621102
00117     2.877265   28785.528371
00118     2.852881   28853.741897
00119     2.828908   28650.355490
00120     2.805333   28473.649060
00121     2.782149   28209.332333
00122     2.759344   28156.829512
00123     2.736911   27774.311984
00124     2.714839   27577.446358
00125     2.693120   27814.956770
00126     2.671746   27674.583225
