00001   336.640015   145135.150332
00002   168.320007   366584.886601
00003   112.213338   230291.961654
00004    84.160004   145912.242135
00005    67.328003   264853.433299
00006    56.106669   379594.152320
00007    48.091431   154139.896945
00008    42.080002   304222.132928
00009    37.404446   243613.775040
00010    33.664001   183006.297923
00011    30.603638   204040.386910
00012    28.053335   169764.060422
00013    25.895386   142090.200252
00014    24.045715   115916.531642
00015    22.442668   127823.372373
00016    21.040001   87593.682893
00017    19.802354   79238.908196
00018    18.702223   68871.295659
00019    17.717896   55774.040353
00020    16.832001   55859.719732
00021    16.030477   73533.899413
00022    15.301819   87883.487847
00023    14.636522   100335.766596
00024    14.026667   87881.785702
00025    13.465601   61896.190087
00026    12.947693   71547.154344
00027    12.468149   67654.207167
00028    12.022858   54832.110932
00029    11.608276   70787.230305
00030    11.221334   70487.645846
00031    10.859355   68139.703724
00032    10.520000   64359.977634
00033    10.201213   66246.903801
00034     9.901177   60518.847663
00035     9.618286   75649.219262
00036     9.351112   73913.380975
00037     9.098379   54266.678003
00038     8.858948   64759.343094
00039     8.631795   63427.974507
00040     8.416000   57933.906277
00041     8.210732   71920.242815
00042     8.015238   58903.913192
00043     7.828838   58809.882407
00044     7.650909   73963.833864
00045     7.480889   68588.367252
00046     7.318261   63475.933975
00047     7.162554   67847.153526
00048     7.013334   59526.431254
00049     6.870204   63146.434397
00050     6.732800   59190.729820
00051     6.600785   69700.747359
00052     6.473846   71528.936798
00053     6.351698   53973.204248
00054     6.234074   64443.236168
00055     6.120728   64907.690001
00056     6.011429   56627.675601
00057     5.905965   64268.021535
00058     5.804138   59503.635939
00059     5.705763   72068.705269
00060     5.610667   74908.850974
00061     5.518689   72505.181789
00062     5.429678   69310.702150
00063     5.343492   66436.962614
00064     5.260000   61253.854397
00065     5.179077   60313.788602
00066     5.100606   67450.823595
00067     5.024478   71079.086130
00068     4.950588   65491.503447
00069     4.878841   62859.724864
00070     4.809143   58193.682488
00071     4.741409   59673.821617
00072     4.675556   67340.985208
00073     4.611507   64786.794528
00074     4.549189   64487.046425
00075     4.488534   66967.833516
00076     4.429474   63472.139814
00077     4.371948   61193.358789
00078     4.315898   65024.108197
00079     4.261266   65085.653753
00080     4.208000   71302.966661
00081     4.156050   64943.435812
00082     4.105366   63579.343660
00083     4.055904   58262.318872
00084     4.007619   66222.523022
00085     3.960471   61732.479786
00086     3.914419   67797.837139
00087     3.869425   68604.308924
00088     3.825455   67324.872104
00089     3.782472   60448.172732
00090     3.740445   59321.518071
00091     3.699341   63912.392957
00092     3.659131   61787.251750
00093     3.619785   67165.022939
00094     3.581277   68092.379483
00095     3.543579   64352.949947
00096     3.506667   60777.144688
00097     3.470516   62612.148076
00098     3.435102   54161.729803
00099     3.400404   62167.399190
00100     3.366400   57623.816051
00101     3.333069   57155.852241
00102     3.300392   57626.692309
00103     3.268350   62654.952032
00104     3.236923   52030.315152
00105     3.206095   52266.084143
00106     3.175849   54007.797313
00107     3.146168   60226.229427
00108     3.117037   53502.448613
00109     3.088441   53651.441144
00110     3.060364   50742.312815
00111     3.032793   52009.425434
00112     3.005714   60502.028140
00113     2.979115   57657.905345
00114     2.952983   53508.933751
00115     2.927304   57468.315102
00116     2.902069   57088.048869
00117     2.877265   50374.388600
00118     2.852881   54305.390954
00119     2.828908   50180.243997
00120     2.805333   50240.734622
00121     2.782149   48243.790053
00122     2.759344   53449.898190
00123     2.736911   47242.797375
00124     2.714839   50000.458438
00125     2.693120   51310.781541
00126     2.671746   45479.628078
00127     2.650709   49527.253537
00128     2.630000   46843.194865
00129     2.609613   50121.203892
00130     2.589539   48914.206700
00131     2.569771   43266.769320
00132     2.550303   45364.091219
00133     2.531128   45967.918617
00134     2.512239   48851.577371
00135     2.493630   48560.018653
00136     2.475294   44035.688674
00137     2.457226   45496.627909
00138     2.439420   44762.891444
00139     2.421871   44459.709020
00140     2.404572   46049.697453
00141     2.387518   46250.846756
00142     2.370704   46740.336566
00143     2.354126   44934.903606
00144     2.337778   44387.564801
00145     2.321655   41633.816763
00146     2.305754   44903.432230
00147     2.290068   42395.306306
00148     2.274595   45257.021601
00149     2.259329   41546.859028
00150     2.244267   41830.100988
00151     2.229404   42737.476751
00152     2.214737   42254.385416
00153     2.200262   37909.812429
00154     2.185974   42675.291611
00155     2.171871   41733.579080
00156     2.157949   39008.461702
00157     2.144204   43001.383776
00158     2.130633   41494.012741
