00001   336.640015   414043.090219
00002   168.320007   280984.832731
00003   112.213338   442548.656344
00004    84.160004   224995.631625
00005    67.328003   260426.400633
00006    56.106669   442368.785869
00007    48.091431   198546.269789
00008    42.080002   385499.813790
00009    37.404446   353271.582751
00010    33.664001   204295.334432
00011    30.603638   230990.006241
00012    28.053335   224724.209902
00013    25.895386   203013.532725
00014    24.045715   150817.060012
00015    22.442668   137389.851032
00016    21.040001   110188.048429
00017    19.802354   71720.692319
00018    18.702223   67693.893617
00019    17.717896   63498.889595
00020    16.832001   83101.708939
00021    16.030477   67046.027889
00022    15.301819   79542.294902
00023    14.636522   94395.498066
00024    14.026667   88832.700729
00025    13.465601   77103.979182
00026    12.947693   67720.998406
00027    12.468149   59793.732181
00028    12.022858   63387.323005
00029    11.608276   74115.891154
00030    11.221334   78450.976941
00031    10.859355   76712.714906
00032    10.520000   63643.081310
00033    10.201213   60756.423731
00034     9.901177   59327.257124
00035     9.618286   67834.892705
00036     9.351112   72948.053086
00037     9.098379   74852.982489
00038     8.858948   58217.483875
00039     8.631795   64798.913374
00040     8.416000   61699.745785
00041     8.210732   68362.395427
00042     8.015238   70711.471199
00043     7.828838   66672.966977
00044     7.650909   62727.405777
00045     7.480889   64690.978756
00046     7.318261   70178.337757
00047     7.162554   66004.340267
00048     7.013334   64579.416512
00049     6.870204   66245.143735
00050     6.732800   61628.518259
00051     6.600785   62608.820485
00052     6.473846   67147.886983
00053     6.351698   68607.162859
00054     6.234074   60833.121225
00055     6.120728   66643.501110
00056     6.011429   63416.274532
00057     5.905965   61786.162297
00058     5.804138   64633.795868
00059     5.705763   57603.370943
00060     5.610667   63512.751120
00061     5.518689   60505.473770
00062     5.429678   64688.935444
00063     5.343492   66287.491690
00064     5.260000   65998.522143
00065     5.179077   67512.497579
00066     5.100606   66239.582908
00067     5.024478   61957.639130
00068     4.950588   58933.065224
00069     4.878841   61400.569606
00070     4.809143   66922.450233
00071     4.741409   63558.499306
00072     4.675556   63147.637377
00073     4.611507   67716.159420
00074     4.549189   59457.260761
00075     4.488534   67493.266600
00076     4.429474   67409.136875
00077     4.371948   60823.927296
00078     4.315898   63485.214238
00079     4.261266   63182.893680
00080     4.208000   70449.597687
00081     4.156050   66105.725790
00082     4.105366   66167.198778
00083     4.055904   60081.367776
00084     4.007619   61630.597925
00085     3.960471   66797.874911
00086     3.914419   58784.531066
00087     3.869425   66481.221760
00088     3.825455   62715.276908
00089     3.782472   66866.011540
00090     3.740445   61708.876744
00091     3.699341   63504.276765
00092     3.659131   64703.205597
00093     3.619785   61897.093590
00094     3.581277   60084.721205
00095     3.543579   59924.443906
00096     3.506667   58282.000798
00097     3.470516   59537.042667
00098     3.435102   61706.243700
00099     3.400404   60554.844713
00100     3.366400   61521.747730
00101     3.333069   56751.256344
00102     3.300392   57458.285749
00103     3.268350   56661.570339
00104     3.236923   56820.836681
00105     3.206095   54766.609314
00106     3.175849   54015.622324
00107     3.146168   54278.488521
00108     3.117037   53288.359586
00109     3.088441   57911.718745
00110     3.060364   55338.219393
00111     3.032793   53842.371718
00112     3.005714   53066.077104
00113     2.979115   50647.164187
00114     2.952983   54201.358782
00115     2.927304   48291.061290
00116     2.902069   52960.437713
00117     2.877265   51075.215550
00118     2.852881   53156.165350
00119     2.828908   55045.460738
00120     2.805333   48373.535516
00121     2.782149   53132.857961
00122     2.759344   49563.218282
00123     2.736911   49225.369140
00124     2.714839   50893.583002
00125     2.693120   51421.382472
00126     2.671746   51044.140454
00127     2.650709   47803.823054
00128     2.630000   49414.490081
00129     2.609613   46179.710597
00130     2.589539   47974.730449
00131     2.569771   47367.133882
00132     2.550303   46203.284236
00133     2.531128   47960.014302
00134     2.512239   46040.121837
00135     2.493630   45971.112088
00136     2.475294   44682.580043
00137     2.457226   44504.194149
00138     2.439420   45978.624648
00139     2.421871   46312.561624
00140     2.404572   44874.282617
00141     2.387518   45620.906353
00142     2.370704   45608.539238
00143     2.354126   43164.867110
00144     2.337778   46070.452517
00145     2.321655   42054.538790
00146     2.305754   42700.718358
00147     2.290068   43451.071152
00148     2.274595   44594.516427
00149     2.259329   40331.785957
00150     2.244267   42816.164407
00151     2.229404   45469.501603
00152     2.214737   41065.672850
00153     2.200262   41924.261144
00154     2.185974   40670.680119
00155     2.171871   40235.679060
00156     2.157949   42173.680891
00157     2.144204   42755.345207
00158     2.130633   40407.666510
